83
0 
20 0 
24 18 0 
33 34 16 0 
33 43 28 16 0 
43 50 34 19 10 0 
56 66 50 34 23 16 0 
63 72 55 40 30 22 8 0 
61 68 50 34 28 18 11 8 0 
71 79 62 46 38 29 16 8 11 0 
79 86 68 52 46 36 24 16 18 8 0 
86 93 75 59 53 44 32 24 25 16 8 0 
94 100 82 66 61 51 40 32 33 24 16 8 0 
102 108 90 74 69 59 48 40 41 32 24 16 8 0 
93 97 79 63 60 50 41 33 32 25 18 11 8 11 0 
100 101 83 68 69 59 54 47 43 40 34 29 25 24 18 0 
116 117 99 84 85 75 68 61 58 54 47 40 34 29 29 16 0 
124 125 107 92 93 83 76 68 66 61 54 47 40 34 36 24 8 0 
132 133 115 100 101 91 84 76 74 68 61 54 47 40 43 32 16 8 0 
140 141 123 108 109 99 91 84 82 76 68 61 54 47 51 40 24 16 8 0 
148 149 131 116 117 107 99 91 89 84 76 68 61 54 58 48 32 24 16 8 0 
141 146 127 112 109 99 88 80 80 72 64 56 48 40 49 47 34 29 25 24 25 0 
126 130 112 96 93 83 72 64 64 56 48 40 32 24 33 34 25 24 25 29 34 16 0 
118 123 104 89 85 75 64 56 57 48 40 32 24 16 25 29 24 25 29 34 40 24 8 0 
134 138 120 104 101 91 80 72 72 64 56 48 40 32 41 40 29 25 24 25 29 8 8 16 0 
149 153 135 119 117 107 96 88 88 80 72 64 56 48 57 54 40 34 29 25 24 8 24 32 16 0 
157 161 143 127 125 115 104 96 96 88 80 72 64 56 64 61 47 40 34 29 25 16 32 40 24 8 0 
165 169 150 135 133 123 112 104 104 96 88 80 72 64 72 68 54 47 40 34 29 24 40 48 32 16 8 0 
172 175 157 141 140 130 120 112 112 104 96 88 80 72 80 74 58 51 43 36 29 33 49 57 41 25 18 11 0 
184 186 167 152 152 142 133 125 124 117 109 101 93 86 92 84 68 61 53 45 37 47 62 70 54 39 32 26 14 0 
184 187 168 153 152 142 132 124 124 116 108 100 92 84 92 86 70 62 54 47 39 45 61 68 53 37 29 22 12 8 0 
185 188 170 155 152 143 132 124 124 116 108 100 92 84 92 87 72 65 57 50 43 44 60 68 52 36 28 20 14 16 8 0 
189 186 168 156 161 151 147 140 136 132 126 119 112 106 108 93 79 72 66 59 54 78 88 93 82 73 70 67 57 48 56 64 0 
187 185 167 155 158 149 143 136 133 129 122 115 108 101 104 90 75 68 61 54 48 71 82 88 76 67 63 59 49 40 48 56 8 0 
186 184 166 153 156 146 140 133 130 126 118 111 104 97 100 87 72 65 57 50 43 65 77 83 71 60 56 52 42 32 40 48 16 8 0 
185 184 166 152 155 145 138 130 128 123 115 108 100 93 97 86 70 62 54 47 39 59 72 79 66 54 49 45 34 24 32 40 24 16 8 0 
184 184 166 152 153 143 136 128 126 120 113 105 97 90 95 84 68 61 53 45 37 54 68 75 61 48 43 38 27 16 24 32 32 24 16 8 0 
184 185 166 152 152 143 134 126 125 118 111 103 95 87 93 84 68 60 52 44 36 50 65 72 57 43 37 31 20 8 16 24 40 32 24 16 8 0 
172 173 154 140 141 131 122 115 113 107 99 91 84 76 82 72 56 48 40 32 24 40 54 61 47 34 29 25 16 14 20 27 42 34 27 20 14 12 0 
164 165 146 132 133 123 115 107 105 99 91 84 76 68 74 64 48 40 32 24 16 34 47 54 40 29 25 24 18 22 26 31 45 38 31 26 22 20 8 0 
156 157 139 124 125 115 107 99 97 91 84 76 68 61 66 56 40 32 24 16 8 29 40 47 34 25 24 25 23 29 32 37 49 43 37 32 29 28 16 8 0 
156 156 138 124 126 116 109 101 99 94 86 79 72 64 68 57 41 33 25 18 11 36 45 51 40 33 32 33 29 32 37 43 43 37 32 29 28 29 18 11 8 0 
148 148 130 116 118 108 101 94 91 86 79 72 64 58 61 49 33 25 18 11 8 33 40 45 36 32 33 36 34 39 43 48 48 43 39 37 36 37 25 18 11 8 0 
141 140 122 108 110 100 94 86 84 79 72 64 58 51 54 41 25 18 11 8 11 32 36 40 33 33 36 40 40 47 50 54 54 50 47 45 44 45 33 25 18 16 8 0 
133 132 114 100 102 92 86 79 76 72 64 58 51 45 47 33 18 11 8 11 18 33 33 36 32 36 40 45 47 54 57 61 61 57 54 53 52 53 41 33 25 24 16 8 0 
125 124 106 92 94 84 79 72 68 64 58 51 45 40 40 25 11 8 11 18 25 36 32 33 33 40 45 51 54 62 65 68 68 65 62 61 60 61 49 41 33 32 24 16 8 0 
118 116 98 86 90 81 78 71 67 65 59 54 50 47 43 26 20 22 26 31 38 50 45 44 47 54 59 65 67 74 77 81 71 69 68 68 69 71 59 52 45 42 34 27 20 14 0 
120 117 99 87 93 84 82 76 71 71 66 61 57 54 50 32 28 29 32 37 43 57 53 52 54 61 66 71 71 77 81 86 69 68 68 69 71 74 63 56 49 45 38 31 26 22 8 0 
123 118 101 90 97 88 88 82 76 77 72 68 65 62 57 39 36 37 39 43 48 65 61 60 62 68 72 77 76 81 86 91 68 68 69 71 74 77 67 60 54 49 43 37 32 29 16 8 0 
126 119 103 93 101 93 93 88 82 83 79 75 72 70 65 47 44 45 47 50 54 72 68 68 70 75 79 83 82 86 91 96 68 69 71 74 77 81 71 65 59 54 48 43 39 37 24 16 8 0 
169 165 148 136 140 131 127 120 116 113 107 100 94 88 89 73 60 54 48 43 39 65 72 77 68 62 61 60 53 48 56 63 20 20 23 28 34 41 37 36 37 29 32 37 43 49 51 49 48 49 0 
166 164 146 133 136 126 120 113 110 106 98 91 84 78 80 67 52 45 38 31 26 50 59 65 54 47 45 44 37 34 41 48 28 23 20 20 23 28 22 20 22 14 20 27 34 42 48 49 51 54 16 0 
167 164 147 134 138 128 123 116 113 109 102 95 89 82 84 70 56 49 43 37 32 57 66 71 61 54 53 52 45 41 48 56 23 20 20 23 28 34 29 28 29 22 26 31 38 45 49 48 49 51 8 8 0 
171 166 149 138 143 134 131 124 120 118 111 105 99 93 94 78 65 59 54 50 47 72 79 83 75 70 68 68 61 56 63 71 20 23 28 34 41 48 45 44 45 37 39 43 48 54 54 51 49 48 8 24 16 0 
48 28 35 49 63 68 83 88 82 93 99 105 111 118 107 106 120 128 135 143 151 152 138 131 145 159 167 174 178 187 190 192 180 180 181 182 184 185 174 166 158 156 148 141 133 125 115 113 112 112 160 162 161 160 0 
40 20 30 45 58 64 79 85 79 91 97 103 110 117 106 106 121 129 137 145 152 152 138 131 145 160 167 175 180 189 191 194 184 184 184 185 186 187 176 168 160 158 151 143 135 127 117 116 116 116 164 165 164 164 9 0 
41 22 26 40 54 59 74 79 74 85 91 97 103 110 99 99 114 121 129 137 145 145 131 124 138 152 160 167 172 181 184 186 176 176 176 177 178 180 168 160 152 151 143 135 127 119 109 108 108 108 156 157 156 156 9 8 0 
49 30 33 45 59 64 79 83 77 88 93 99 105 111 100 98 113 120 128 135 143 145 131 124 138 152 159 167 171 180 182 185 172 172 173 174 176 178 166 158 151 148 141 133 125 118 107 105 104 104 152 154 153 152 8 14 9 0 
49 34 26 32 48 50 65 68 61 72 77 82 88 94 82 80 95 103 110 118 125 127 113 107 120 134 141 149 153 162 164 167 156 156 156 157 158 160 148 141 133 131 123 115 108 100 89 88 88 88 136 137 136 136 25 28 20 18 0 
60 46 37 40 56 56 70 72 65 75 79 83 88 93 82 78 91 98 106 113 120 124 111 105 118 131 138 145 149 157 160 163 148 148 149 151 152 154 143 135 128 125 118 110 103 95 84 82 80 80 128 130 129 128 32 37 29 24 11 0 
71 59 47 45 59 57 68 68 61 70 72 75 79 83 72 65 78 84 91 98 106 111 99 93 105 118 124 131 134 142 145 148 132 133 134 135 137 139 128 120 113 110 103 95 88 80 68 66 64 64 112 115 113 112 48 53 45 40 25 16 0 
77 66 53 49 63 59 68 68 60 68 70 72 75 79 68 59 71 78 84 91 98 105 93 88 99 111 118 124 127 134 138 141 124 125 126 127 129 132 120 113 106 103 95 88 80 73 61 58 57 56 104 107 105 104 56 61 53 48 33 24 8 0 
72 63 48 43 56 51 61 60 52 61 62 65 68 72 61 54 67 73 80 88 95 100 88 82 94 107 113 120 123 132 134 138 124 124 125 126 127 129 118 110 103 100 92 85 77 70 58 57 56 57 104 105 104 104 57 60 52 49 32 25 11 8 0 
68 61 45 37 49 44 53 52 44 53 54 57 61 66 54 49 63 70 77 85 92 95 82 76 89 102 109 116 120 129 132 134 125 124 124 125 126 127 115 108 100 98 90 82 75 67 57 56 57 58 104 104 104 105 58 61 53 51 33 29 18 16 8 0 
65 60 43 32 43 37 45 44 36 45 47 50 54 59 48 45 59 67 75 82 90 91 78 71 84 98 106 113 118 127 129 132 126 125 124 124 125 126 114 106 98 97 89 81 73 65 56 57 58 61 105 104 104 107 61 62 54 54 36 34 25 24 16 8 0 
72 68 51 39 48 41 47 45 37 44 45 47 50 54 43 38 52 59 67 75 82 84 71 65 78 91 98 106 110 119 121 124 118 117 116 116 117 118 106 98 90 89 81 73 65 57 48 49 51 54 97 96 96 99 68 70 62 61 43 40 29 25 18 11 8 0 
82 77 60 50 59 52 57 54 47 53 52 53 54 57 47 37 49 56 63 70 77 82 71 66 76 89 95 102 106 114 117 120 109 108 108 109 110 112 100 92 85 82 75 67 59 52 41 40 41 43 88 88 88 89 74 76 68 66 49 43 29 23 18 16 18 11 0 
93 86 70 61 71 64 68 65 57 62 61 60 61 62 53 39 48 54 60 67 73 82 72 68 77 88 94 100 102 109 113 117 100 100 101 102 104 106 95 88 80 77 70 63 56 49 36 33 32 33 80 82 80 80 80 84 76 72 56 49 33 25 24 25 29 23 11 0 
104 96 81 72 82 75 79 75 68 72 70 68 68 68 60 45 50 54 59 65 71 83 75 72 79 88 93 99 100 106 110 114 92 93 94 96 99 102 91 84 78 73 67 60 54 48 34 29 25 24 72 76 74 72 88 92 84 80 64 56 40 32 33 36 40 34 23 11 0 
118 112 96 86 94 87 88 83 77 79 75 72 70 68 62 45 45 47 50 54 59 75 70 68 72 79 83 88 88 92 97 102 76 77 79 81 84 88 78 71 65 60 54 48 43 39 25 18 11 8 57 61 58 56 104 108 100 96 80 72 56 48 49 51 54 47 36 25 16 0 
115 110 93 82 90 82 82 77 71 72 68 65 62 61 54 37 37 39 43 48 54 68 62 61 65 72 77 82 82 88 92 97 76 76 77 79 81 84 73 67 60 56 49 43 37 32 18 11 8 11 56 58 57 57 104 108 100 96 80 72 57 49 48 49 51 43 33 24 18 8 0 
113 109 91 80 86 77 76 71 65 66 61 57 54 53 47 29 29 32 37 43 49 61 54 53 57 66 71 76 78 84 88 92 77 76 76 77 79 81 70 63 56 52 45 38 31 26 11 8 11 18 57 57 56 58 105 108 100 97 80 74 58 51 49 48 49 41 32 25 23 16 8 0 
111 108 90 78 82 73 71 65 60 59 54 50 47 45 39 22 22 26 31 38 45 54 47 45 50 59 65 71 73 81 84 88 79 77 76 76 77 79 67 59 52 49 42 34 27 20 8 11 18 25 58 56 57 61 107 109 101 99 82 76 61 54 51 49 48 40 33 29 29 24 16 8 0 
92 93 75 60 61 51 47 40 36 34 29 25 24 25 16 8 24 32 40 48 56 54 40 34 47 61 68 76 82 92 93 95 100 97 95 93 92 92 80 72 64 64 57 49 41 33 31 37 43 50 80 75 77 84 98 99 91 91 73 71 59 54 48 43 38 31 32 37 44 47 39 32 26 0 
84 86 67 52 53 44 40 34 29 29 25 24 25 29 18 16 32 40 48 56 64 61 47 40 54 68 76 84 89 100 101 103 108 105 103 101 100 100 88 80 72 72 64 57 49 41 38 43 48 54 88 82 85 91 91 91 84 84 67 65 54 50 43 37 31 26 29 36 45 50 43 37 31 8 0 
76 78 59 44 46 36 34 29 23 25 24 25 29 34 23 24 40 48 56 64 72 68 54 47 61 76 84 91 97 108 109 111 115 113 111 109 108 108 96 88 80 80 72 64 57 49 45 49 54 59 95 90 92 98 84 84 77 78 60 59 50 47 39 32 26 22 28 37 47 54 48 43 38 16 8 0 
68 70 51 36 38 29 29 25 18 24 25 29 34 40 29 32 48 56 64 72 80 76 61 54 68 84 91 99 105 116 117 118 123 120 118 117 116 116 104 96 88 88 80 72 64 57 52 56 60 65 103 98 100 106 78 77 70 71 54 54 47 45 37 29 22 20 29 39 50 59 54 49 45 24 16 8 0 
60 62 44 28 30 22 25 24 16 25 29 34 40 47 36 40 56 64 72 80 88 84 68 61 76 91 99 107 113 124 125 126 130 128 126 125 124 124 112 104 96 96 88 80 72 64 59 63 67 71 110 106 108 113 71 70 63 65 48 50 45 44 36 28 20 22 32 43 54 65 60 56 52 32 24 16 8 0 
52 54 36 20 23 16 24 25 18 29 34 40 47 54 43 48 64 72 80 88 96 91 76 68 84 99 107 115 121 132 133 134 138 136 134 133 132 132 120 112 104 104 96 88 80 72 67 70 73 78 118 114 115 120 65 63 57 59 43 47 44 45 37 29 22 26 37 48 59 71 67 63 59 40 32 24 16 8 0 
43 44 25 10 19 16 30 33 27 38 44 50 57 64 54 58 74 82 90 98 106 102 87 79 94 110 117 125 132 143 143 145 146 145 143 143 142 142 130 122 114 114 106 98 90 82 76 78 81 84 126 123 124 128 55 53 47 50 35 40 41 44 37 30 24 31 42 53 64 77 73 70 68 50 42 34 26 18 11 0 
43 36 20 16 32 33 47 50 43 54 59 65 71 78 67 67 82 90 98 106 114 113 98 91 106 120 128 135 141 151 152 154 149 148 148 148 148 149 137 130 122 121 113 105 97 89 80 80 82 84 129 128 128 130 40 39 32 34 18 24 29 34 29 25 24 32 41 51 61 76 74 72 72 59 52 45 38 31 26 17 0 
34 28 11 13 28 31 47 51 45 57 62 69 75 82 72 74 89 97 105 113 121 119 104 97 111 126 134 142 148 158 159 161 158 157 156 156 156 157 145 137 129 128 120 112 104 96 88 89 90 92 137 136 137 139 37 34 28 32 20 29 37 43 38 34 32 40 49 59 70 85 82 81 80 66 58 51 43 36 29 18 9 0 
18 9 10 25 34 42 57 63 59 70 77 84 91 99 89 93 109 117 125 133 141 137 121 114 129 145 152 160 166 177 178 180 178 177 176 176 176 176 164 156 148 148 140 132 124 116 108 109 111 113 158 156 157 159 32 25 24 32 31 43 54 61 57 54 53 61 70 80 90 105 103 101 100 85 77 69 61 53 46 35 29 20 0 
