48
0 
4727 0 
1204 3587 0 
6363 2012 5162 0 
3657 1841 2458 2799 0 
3130 6977 3677 8064 5329 0 
2414 6500 3070 7727 4946 743 0 
562 5187 1742 6877 4200 3208 2467 0 
462 5028 1444 6580 3824 2669 1951 718 0 
5654 2327 4462 1402 2011 6928 6673 6202 5788 0 
1712 4148 1184 5366 2573 2830 2380 2240 1601 4391 0 
1604 4723 1520 5946 3156 2266 1794 2050 1343 4946 585 0 
2367 3635 1497 4679 1923 3407 3050 2920 2330 3648 765 1298 0 
2200 3124 1103 4377 1579 3853 3405 2762 2291 3500 1029 1612 646 0 
1289 4906 1501 6225 3426 2177 1603 1687 970 5273 882 405 1641 1852 0 
1004 3930 950 5709 3178 4075 3381 1304 1451 5182 2040 2207 2446 2025 2028 0 
3833 7463 4297 8417 5748 726 1468 3931 3375 7216 3352 2823 3839 4349 2802 4759 0 
2258 6337 2902 7577 4793 880 168 2330 1796 6534 2224 1638 2904 3247 1437 3220 1601 0 
3419 7242 3966 8295 5577 293 1019 3486 2958 7140 3100 2542 3654 4118 2466 4368 477 1165 0 
2267 5105 2169 6135 3408 1929 1680 2669 1951 5021 1048 694 1487 1997 985 2899 2358 1562 2169 0 
2956 4043 2209 4801 2222 3309 3109 3486 2835 3620 1246 1586 730 1340 1986 3151 3616 2987 3520 1430 0 
720 4021 652 5706 3066 3672 2993 1175 1112 5077 1624 1767 2096 1753 1592 441 4345 2829 3964 2459 2779 0 
1699 3676 827 4982 2184 3314 2826 2259 1725 4089 502 1050 697 605 1253 1765 3851 2665 3588 1547 1386 1401 0 
5278 2863 4136 2322 1859 6198 6009 5839 5345 921 3840 4356 3076 3078 4716 4959 6433 5881 6392 4333 2904 4780 3621 0 
2578 3106 1517 4177 1400 3932 3551 3140 2628 3207 1195 1770 532 419 2072 2444 4371 3400 4183 2018 1062 2165 903 2718 0 
6075 1849 4873 320 2490 7745 7411 6595 6285 1131 5053 5632 4362 4069 5915 5442 8097 7262 7976 5816 4482 5427 4674 2042 3863 0 
3465 7173 3953 8186 5485 365 1103 3563 3007 7013 3042 2498 3566 4051 2454 4395 369 1233 201 2079 3397 3984 3536 6254 4097 7866 0 
2654 6629 3253 7800 5034 482 267 2727 2192 6713 2488 1907 3122 3517 1764 3609 1205 399 766 1694 3119 3212 2953 6023 3635 7483 838 0 
3625 1203 2446 2777 893 5774 5300 4120 3889 2436 2945 3520 2453 1922 3710 2931 6266 5137 6040 3909 2921 2945 2474 2569 1931 2514 5973 5426 0 
3115 6813 3580 7858 5140 260 820 3239 2660 6706 2676 2127 3218 3690 2082 4034 726 923 438 1732 3086 3619 3168 5965 3747 7539 373 558 5612 0 
1573 6001 2441 7408 4611 1658 915 1558 1121 6477 2086 1558 2842 3031 1204 2572 2384 793 1931 1812 3114 2224 2426 5912 3273 7101 2018 1180 4823 1716 0 
3950 3447 2960 3763 1669 4513 4347 4507 3919 2475 2330 2778 1591 1866 3164 3891 4753 4227 4706 2667 1240 3602 2254 1687 1447 3448 4568 4349 2550 4279 4329 0 
1747 5252 1965 6461 3677 1746 1269 2082 1372 5432 1113 530 1791 2141 496 2524 2334 1117 2027 654 1953 2088 1577 4807 2283 6146 1996 1377 4049 1623 1179 3184 0 
2141 2656 949 4222 1590 4430 3890 2658 2391 3598 1650 2171 1479 837 2287 1590 4991 3724 4710 2693 2175 1496 1148 3383 1164 3938 4669 4043 1498 4298 3346 2509 2684 0 
6754 3123 5564 1426 3112 7909 7698 7304 6883 1102 5459 6002 4705 4593 6341 6278 8148 7565 8106 6029 4607 6178 5176 1716 4285 1374 7969 7722 3476 7678 7545 3401 6474 4697 0 
2382 6273 2915 7451 4681 769 331 2511 1926 6375 2132 1551 2772 3161 1419 3313 1451 286 1061 1366 2795 2905 2598 5698 3282 7134 1084 356 5071 734 1022 4031 1021 3692 7392 0 
3306 7183 3878 8263 5533 206 899 3364 2844 7121 3036 2472 3610 4059 2379 4261 608 1049 131 2130 3501 3861 3520 6384 4136 7944 305 653 5980 420 1807 4698 1951 4635 8096 964 0 
1029 5622 2035 7130 4352 2225 1483 984 611 6283 1958 1538 2720 2788 1133 2033 2948 1348 2502 1990 3119 1718 2194 5787 3086 6830 2580 1743 4470 2262 578 4281 1340 2974 7369 1542 2380 0 
3529 3084 2482 3668 1251 4434 4184 4091 3542 2497 1996 2505 1232 1379 2867 3398 4752 4050 4651 2524 1136 3131 1833 1851 967 3349 4531 4217 2096 4216 4061 533 2962 1981 3515 3882 4628 3952 0 
824 4563 1027 6011 3227 2680 2048 1319 675 5160 931 790 1655 1662 553 1475 3330 1880 2972 1473 2172 1039 1073 4687 1973 5709 2975 2241 3387 2606 1438 3244 1050 1909 6249 1912 2877 1126 2872 0 
2187 2755 1395 4637 2426 5052 4414 2544 2589 4318 2513 2912 2549 1931 2885 1240 5687 4247 5343 3541 3268 1479 2053 4285 2285 4396 5338 4614 1910 4966 3692 3612 3358 1123 5379 4285 5250 3197 3080 2374 0 
4819 1591 3617 1681 1168 6383 6051 5357 4992 936 3700 4277 3001 2736 4569 4287 6745 5903 6616 4454 3135 4210 3340 1272 2507 1363 6509 6120 1500 6179 5762 2186 4787 2717 2001 5772 6583 5517 2012 4392 3385 0 
3489 7027 3891 7987 5312 550 1219 3631 3038 6795 2923 2402 3402 3914 2404 4390 437 1322 485 1922 3188 3968 3422 6021 3934 7667 286 954 5831 400 2115 4338 1926 4565 7737 1120 570 2657 4324 2942 5283 6314 0 
1947 6186 2685 7502 4706 1223 481 1986 1485 6507 2137 1563 2859 3137 1288 2928 1948 354 1501 1641 3029 2552 2540 5892 3331 7190 1581 743 4993 1277 439 4265 1085 3547 7556 600 1379 1002 4046 1659 3997 5837 1676 0 
6834 3471 5660 1876 3241 7804 7634 7390 6933 1268 5458 5982 4696 4646 6337 6419 8004 7508 7989 5956 4526 6289 5212 1628 4312 1798 7843 7643 3704 7567 7536 3296 6435 4830 460 7322 7986 7395 3477 6284 5584 2204 7602 7520 0 
1542 5461 2023 6758 3962 1670 1053 1785 1112 5773 1394 827 2125 2395 555 2427 2334 886 1962 1070 2354 2011 1801 5177 2588 6446 1973 1231 4264 1608 763 3576 421 2839 6828 901 1865 950 3327 1012 3385 5094 1964 744 6804 0 
2379 4389 1866 5360 2651 2704 2432 2879 2195 4249 711 891 755 1351 1296 2748 3098 2301 2938 777 711 2335 1076 3580 1283 5041 2838 2464 3208 2501 2404 1941 1244 2139 5266 2128 2903 2429 1754 1562 3124 3680 2661 2324 5208 1644 0 
3743 2087 2560 2844 304 5230 4884 4295 3875 1914 2534 3109 1835 1592 3406 3336 5618 4735 5469 3301 2042 3188 2189 1638 1339 2528 5368 4957 1196 5031 4603 1381 3619 1751 3012 4607 5431 4379 1000 3254 2664 1168 5183 4670 3101 3927 2531 0 
