136
0 
1975 0 
7150 5175 0 
9125 7150 1975 0 
1222 3172 8338 10312 0 
637 2551 7713 9687 625 0 
707 1375 6522 8496 1817 1192 0 
1298 779 5898 7871 2442 1817 625 0 
5976 4005 1222 3172 7150 6525 5333 4708 0 
6600 4628 637 2551 7775 7150 5958 5333 625 0 
7791 5818 707 1375 8967 8342 7150 6525 1817 1192 0 
8416 6442 1298 779 9592 8967 7775 7150 2442 1817 625 0 
9146 7177 2072 625 10312 9687 8496 7871 3173 2552 1377 781 0 
7177 5213 625 2072 8338 7713 6523 5898 1223 640 709 1299 1975 0 
5001 3059 2312 4235 6145 5522 4334 3712 1094 1691 2863 3483 4176 2202 0 
2072 625 5213 7177 3173 2552 1377 781 4005 4629 5819 6443 7150 5175 2976 0 
625 2072 7177 9146 1223 640 709 1299 5976 6601 7791 8416 9125 7150 4951 1975 0 
2312 4235 9377 11347 1094 1691 2863 3483 8178 8802 9993 10618 11325 9350 7150 4176 2202 0 
795 2129 7194 9160 1278 739 799 1350 5988 6611 7800 8424 9127 7152 4951 1982 170 2202 0 
2129 795 5236 7194 3194 2578 1425 864 4022 4643 5830 6453 7152 5178 2976 170 1982 4176 1975 0 
7194 5236 795 2129 8346 7722 6533 5910 1278 739 799 1350 1982 170 2202 5178 7152 9350 7150 5175 0 
9160 7194 2129 795 10318 9694 8504 7880 3194 2578 1425 864 170 1982 4176 7152 9127 11325 9125 7150 1975 0 
8483 6530 1679 1320 9625 9003 7816 7195 2570 1985 1015 800 864 1350 3483 6453 8424 10618 8416 6443 1299 781 0 
7864 5915 1279 1740 9003 8380 7195 6574 1985 1436 800 1015 1425 799 2863 5830 7800 9993 7791 5819 709 1377 625 0 
6686 4750 1242 2765 7816 7195 6011 5393 1015 800 1436 1985 2578 739 1691 4643 6611 8802 6601 4629 640 2552 1817 1192 0 
6070 4144 1621 3346 7195 6574 5393 4775 800 1015 1985 2570 3194 1278 1094 4022 5988 8178 5976 4005 1223 3173 2442 1817 625 0 
1679 1320 5994 7943 2570 1985 1015 800 4775 5393 6574 7195 7880 5910 3712 864 1350 3483 1299 781 5898 7871 7150 6525 5333 4708 0 
1279 1740 6609 8562 1985 1436 800 1015 5393 6011 7195 7816 8504 6533 4334 1425 799 2863 709 1377 6523 8496 7775 7150 5958 5333 625 0 
1242 2765 7787 9745 1015 800 1436 1985 6574 7195 8380 9003 9694 7722 5522 2578 739 1691 640 2552 7713 9687 8967 8342 7150 6525 1817 1192 0 
1621 3346 8406 10367 800 1015 1985 2570 7195 7816 9003 9625 10318 8346 6145 3194 1278 1094 1223 3173 8338 10312 9592 8967 7775 7150 2442 1817 625 0 
1420 2432 7290 9235 1621 1242 1279 1679 6070 6686 7864 8483 9160 7194 5001 2129 795 2312 625 2072 7177 9146 8416 7791 6600 5976 1298 707 637 1222 0 
2432 1420 5366 7290 3346 2765 1740 1320 4144 4750 5915 6530 7194 5236 3059 795 2129 4235 2072 625 5213 7177 6442 5818 4628 4005 779 1375 2551 3172 1975 0 
7290 5366 1420 2432 8406 7787 6609 5994 1621 1242 1279 1679 2129 795 2312 5236 7194 9377 7177 5213 625 2072 1298 707 637 1222 5898 6522 7713 8338 7150 5175 0 
9235 7290 2432 1420 10367 9745 8562 7943 3346 2765 1740 1320 795 2129 4235 7194 9160 11347 9146 7177 2072 625 779 1375 2551 3172 7871 8496 9687 10312 9125 7150 1975 0 
9475 7591 3225 2550 10548 9938 8781 8178 3871 3381 2610 2351 1925 2758 4562 7405 9326 11474 9292 7362 2642 1755 1608 1967 2913 3470 7996 8611 9788 10407 9195 7239 2275 1130 0 
7591 5769 2550 3225 8628 8026 6889 6302 2533 2308 2328 2570 2758 1925 2868 5521 7405 9529 7362 5464 1755 2642 1913 1574 1544 1863 6063 6672 7840 8456 7239 5297 1130 2275 1975 0 
3225 2550 5769 7591 3871 3381 2610 2351 4578 5133 6227 6814 7405 5521 3498 1925 2758 4562 2642 1755 5464 7362 6594 5986 4837 4245 1608 1967 2913 3470 2275 1130 5297 7239 7150 5175 0 
2550 3225 7591 9475 2533 2308 2328 2570 6375 6963 8101 8703 9326 7405 5281 2758 1925 2868 1755 2642 7362 9292 8532 7917 6748 6139 1913 1574 1544 1863 1130 2275 7239 9195 9125 7150 1975 0 
3095 4260 8809 10696 2550 2625 3131 3531 7591 8182 9323 9925 10547 8627 6498 3868 2528 2379 2379 3772 8584 10512 9750 9136 7970 7361 3004 2523 1858 1750 1863 3470 8456 10407 10312 8338 3172 1222 0 
2914 3820 8221 10096 2625 2550 2815 3131 7006 7591 8723 9323 9937 8025 5912 3377 2303 2706 2139 3267 7979 9900 9136 8524 7361 6756 2523 2117 1750 1858 1544 2913 7840 9788 9687 7713 2551 637 625 0 
2930 3158 7115 8959 3131 2815 2550 2625 5911 6481 7591 8182 8779 6888 4821 2606 2323 3558 2160 2462 6834 8738 7970 7361 6210 5613 1858 1750 2117 2523 1574 1967 6672 8611 8496 6522 1375 707 1817 1192 0 
3125 2948 6548 8369 3531 3131 2625 2550 5354 5911 7006 7591 8176 6300 4271 2347 2566 4074 2419 2185 6242 8132 7361 6756 5613 5023 1750 1858 2523 3004 1913 1608 6063 7996 7871 5898 779 1298 2442 1817 625 0 
6618 4912 3095 4260 7591 7006 5911 5354 2550 2625 3131 3531 3868 2528 2379 4576 6373 8446 6315 4495 2379 3772 3004 2523 1858 1750 5023 5613 6756 7361 6139 4245 1863 3470 3172 1222 4005 5976 7150 6525 5333 4708 0 
7187 5432 2914 3820 8182 7591 6481 5911 2625 2550 2815 3131 3377 2303 2706 5130 6962 9052 6909 5059 2139 3267 2523 2117 1750 1858 5613 6210 7361 7970 6748 4837 1544 2913 2551 637 4628 6600 7775 7150 5958 5333 625 0 
8294 6476 2930 3158 9323 8723 7591 7006 3131 2815 2550 2625 2606 2323 3558 6225 8099 10214 8054 6166 2160 2462 1858 1750 2117 2523 6756 7361 8524 9136 7917 5986 1574 1967 1375 707 5818 7791 8967 8342 7150 6525 1817 1192 0 
8883 7042 3125 2948 9925 9323 8182 7591 3531 3131 2625 2550 2347 2566 4074 6812 8702 10826 8660 6758 2419 2185 1750 1858 2523 3004 7361 7970 9136 9750 8532 6594 1913 1608 779 1298 6442 8416 9592 8967 7775 7150 2442 1817 625 0 
9662 7823 3739 3175 10698 10097 8960 8371 4263 3824 3163 2953 2550 3225 4848 7591 9475 11590 9430 7536 3093 2380 2185 2462 3267 3772 8132 8738 9900 10512 9292 7362 2642 1755 625 2072 7177 9146 10312 9687 8496 7871 3173 2552 1377 781 0 
7823 6071 3175 3739 8811 8222 7117 6550 3099 2919 2935 3130 3225 2550 3304 5769 7591 9669 7536 5696 2380 3093 2419 2160 2139 2379 6242 6834 7979 8584 7362 5464 1755 2642 2072 625 5213 7177 8338 7713 6523 5898 1223 640 709 1299 1975 0 
5927 4413 3933 5297 6805 6247 5227 4724 3121 3377 4091 4547 4937 3433 2550 3974 5608 7591 5530 3864 3304 4848 4074 3558 2706 2379 4271 4821 5912 6498 5281 3498 2868 4562 4235 2312 3059 5001 6145 5522 4334 3712 1094 1691 2863 3483 4176 2202 0 
3739 3175 6071 7823 4263 3824 3163 2953 4914 5435 6478 7044 7591 5769 3864 2550 3225 4848 3093 2380 5696 7536 6758 6166 5059 4495 2185 2462 3267 3772 2642 1755 5464 7362 7177 5213 625 2072 3173 2552 1377 781 4005 4629 5819 6443 7150 5175 2976 0 
3175 3739 7823 9662 3099 2919 2935 3130 6620 7189 8295 8885 9475 7591 5530 3225 2550 3304 2380 3093 7536 9430 8660 8054 6909 6315 2419 2160 2139 2379 1755 2642 7362 9292 9146 7177 2072 625 1223 640 709 1299 5976 6601 7791 8416 9125 7150 4951 1975 0 
3933 5297 9902 11785 3121 3377 4091 4547 8684 9275 10412 11012 11628 9714 7591 4937 3433 2550 3304 4848 9669 11590 10826 10214 9052 8446 4074 3558 2706 2379 2868 4562 9529 11474 11347 9377 4235 2312 1094 1691 2863 3483 8178 8802 9993 10618 11325 9350 7150 4176 2202 0 
3345 3885 7894 9719 3257 3086 3101 3286 6695 7258 8356 8941 9522 7650 5608 3361 2720 3433 2550 3225 7591 9475 8702 8099 6962 6373 2566 2323 2303 2528 1925 2758 7405 9326 9160 7194 2129 795 1278 739 799 1350 5988 6611 7800 8424 9127 7152 4951 1982 170 2202 0 
3885 3345 6162 7894 4379 3952 3318 3118 5016 5526 6555 7115 7650 5846 3974 2720 3361 4937 3225 2550 5769 7591 6812 6225 5130 4576 2347 2606 3377 3868 2758 1925 5521 7405 7194 5236 795 2129 3194 2578 1425 864 4022 4643 5830 6453 7152 5178 2976 170 1982 4176 1975 0 
7894 6162 3345 3885 8868 8283 7187 6626 3257 3086 3101 3286 3361 2720 3433 5846 7650 9714 7591 5769 2550 3225 2566 2323 2303 2528 6300 6888 8025 8627 7405 5521 1925 2758 2129 795 5236 7194 8346 7722 6533 5910 1278 739 799 1350 1982 170 2202 5178 7152 9350 7150 5175 0 
9719 7894 3885 3345 10745 10147 9016 8430 4379 3952 3318 3118 2720 3361 4937 7650 9522 11628 9475 7591 3225 2550 2347 2606 3377 3868 8176 8779 9937 10547 9326 7405 2758 1925 795 2129 7194 9160 10318 9694 8504 7880 3194 2578 1425 864 170 1982 4176 7152 9127 11325 9125 7150 1975 0 
9172 7403 3871 3729 10160 9572 8466 7896 4146 3811 3408 3350 3118 3286 4547 7115 8941 11012 8885 7044 3130 2953 2550 2625 3131 3531 7591 8182 9323 9925 8703 6814 2570 2351 1320 1679 6530 8483 9625 9003 7816 7195 2570 1985 1015 800 864 1350 3483 6453 8424 10618 8416 6443 1299 781 0 
8602 6867 3715 3898 9572 8990 7896 7335 3811 3556 3350 3408 3318 3101 4091 6555 8356 10412 8295 6478 2935 3163 2625 2550 2815 3131 7006 7591 8723 9323 8101 6227 2328 2610 1740 1279 5915 7864 9003 8380 7195 6574 1985 1436 800 1015 1425 799 2863 5830 7800 9993 7791 5819 709 1377 625 0 
7541 5892 3702 4450 8466 7896 6835 6298 3408 3350 3556 3811 3952 3086 3377 5526 7258 9275 7189 5435 2919 3824 3131 2815 2550 2625 5911 6481 7591 8182 6963 5133 2308 3381 2765 1242 4750 6686 7816 7195 6011 5393 1015 800 1436 1985 2578 739 1691 4643 6611 8802 6601 4629 640 2552 1817 1192 0 
7001 5417 3846 4833 7896 7335 6298 5778 3350 3408 3811 4146 4379 3257 3121 5016 6695 8684 6620 4914 3099 4263 3531 3131 2625 2550 5354 5911 7006 7591 6375 4578 2533 3871 3346 1621 4144 6070 7195 6574 5393 4775 800 1015 1985 2570 3194 1278 1094 4022 5988 8178 5976 4005 1223 3173 2442 1817 625 0 
3871 3729 6935 8675 4146 3811 3408 3350 5778 6298 7335 7896 8430 6626 4724 3118 3286 4547 3130 2953 6550 8371 7591 7006 5911 5354 2550 2625 3131 3531 2570 2351 6302 8178 7943 5994 1320 1679 2570 1985 1015 800 4775 5393 6574 7195 7880 5910 3712 864 1350 3483 1299 781 5898 7871 7150 6525 5333 4708 0 
3715 3898 7473 9245 3811 3556 3350 3408 6298 6835 7896 8466 9016 7187 5227 3318 3101 4091 2935 3163 7117 8960 8182 7591 6481 5911 2625 2550 2815 3131 2328 2610 6889 8781 8562 6609 1740 1279 1985 1436 800 1015 5393 6011 7195 7816 8504 6533 4334 1425 799 2863 709 1377 6523 8496 7775 7150 5958 5333 625 0 
3702 4450 8532 10351 3408 3350 3556 3811 7335 7896 8990 9572 10147 8283 6247 3952 3086 3377 2919 3824 8222 10097 9323 8723 7591 7006 3131 2815 2550 2625 2308 3381 8026 9938 9745 7787 2765 1242 1015 800 1436 1985 6574 7195 8380 9003 9694 7722 5522 2578 739 1691 640 2552 7713 9687 8967 8342 7150 6525 1817 1192 0 
3846 4833 9100 10938 3350 3408 3811 4146 7896 8466 9572 10160 10745 8868 6805 4379 3257 3121 3099 4263 8811 10698 9925 9323 8182 7591 3531 3131 2625 2550 2533 3871 8628 10548 10367 8406 3346 1621 800 1015 1985 2570 7195 7816 9003 9625 10318 8346 6145 3194 1278 1094 1223 3173 8338 10312 9592 8967 7775 7150 2442 1817 625 0 
3970 4434 8178 9951 3846 3702 3715 3871 7001 7541 8602 9172 9719 7894 5927 3885 3345 3933 3175 3739 7823 9662 8883 8294 7187 6618 3125 2930 2914 3095 2550 3225 7591 9475 9235 7290 2432 1420 1621 1242 1279 1679 6070 6686 7864 8483 9160 7194 5001 2129 795 2312 625 2072 7177 9146 8416 7791 6600 5976 1298 707 637 1222 0 
4434 3970 6522 8178 4833 4450 3898 3729 5417 5892 6867 7403 7894 6162 4413 3345 3885 5297 3739 3175 6071 7823 7042 6476 5432 4912 2948 3158 3820 4260 3225 2550 5769 7591 7290 5366 1420 2432 3346 2765 1740 1320 4144 4750 5915 6530 7194 5236 3059 795 2129 4235 2072 625 5213 7177 6442 5818 4628 4005 779 1375 2551 3172 1975 0 
8178 6522 3970 4434 9100 8532 7473 6935 3846 3702 3715 3871 3885 3345 3933 6162 7894 9902 7823 6071 3175 3739 3125 2930 2914 3095 6548 7115 8221 8809 7591 5769 2550 3225 2432 1420 5366 7290 8406 7787 6609 5994 1621 1242 1279 1679 2129 795 2312 5236 7194 9377 7177 5213 625 2072 1298 707 637 1222 5898 6522 7713 8338 7150 5175 0 
9951 8178 4434 3970 10938 10351 9245 8675 4833 4450 3898 3729 3345 3885 5297 7894 9719 11785 9662 7823 3739 3175 2948 3158 3820 4260 8369 8959 10096 10696 9475 7591 3225 2550 1420 2432 7290 9235 10367 9745 8562 7943 3346 2765 1740 1320 795 2129 4235 7194 9160 11347 9146 7177 2072 625 779 1375 2551 3172 7871 8496 9687 10312 9125 7150 1975 0 
10453 8783 5469 5100 11366 10802 9748 9209 5737 5418 4974 4843 4475 4891 6058 8435 10163 12146 10090 8346 4736 4305 4054 4209 4726 5088 8819 9381 10472 11052 9839 8041 4176 3680 2550 3225 7591 9475 10548 9938 8781 8178 3871 3381 2610 2351 1925 2758 4562 7405 9326 11474 9292 7362 2642 1755 1608 1967 2913 3470 7996 8611 9788 10407 9195 7239 2275 1130 0 
8783 7266 5100 5469 9611 9074 8086 7592 4934 4822 4832 4953 4891 4475 4910 6842 8435 10329 8346 6732 4305 4736 4184 4040 4029 4161 7114 7640 8679 9238 8041 6350 3680 4176 3225 2550 5769 7591 8628 8026 6889 6302 2533 2308 2328 2570 2758 1925 2868 5521 7405 9529 7362 5464 1755 2642 1913 1574 1544 1863 6063 6672 7840 8456 7239 5297 1130 2275 1975 0 
5469 5100 7266 8783 5737 5418 4974 4843 6236 6654 7530 8022 8435 6842 5303 4475 4891 6058 4736 4305 6732 8346 7572 7048 6103 5645 4054 4209 4726 5088 4176 3680 6350 8041 7591 5769 2550 3225 3871 3381 2610 2351 4578 5133 6227 6814 7405 5521 3498 1925 2758 4562 2642 1755 5464 7362 6594 5986 4837 4245 1608 1967 2913 3470 2275 1130 5297 7239 7150 5175 0 
5100 5469 8783 10453 4934 4822 4832 4953 7653 8149 9141 9678 10163 8435 6616 4891 4475 4910 4305 4736 8346 10090 9309 8748 7706 7179 4184 4040 4029 4161 3680 4176 8041 9839 9475 7591 3225 2550 2533 2308 2328 2570 6375 6963 8101 8703 9326 7405 5281 2758 1925 2868 1755 2642 7362 9292 8532 7917 6748 6139 1913 1574 1544 1863 1130 2275 7239 9195 9125 7150 1975 0 
5538 6264 9934 11641 5100 5138 5414 5654 8783 9298 10316 10864 11364 9608 7726 5733 4929 4809 4764 5592 9525 11293 10512 9945 8885 8343 4945 4668 4345 4300 4161 5088 9238 11052 10696 8809 4260 3095 2550 2625 3131 3531 7591 8182 9323 9925 10547 8627 6498 3868 2528 2379 2379 3772 8584 10512 9750 9136 7970 7361 3004 2523 1858 1750 1863 3470 8456 10407 10312 8338 3172 1222 0 
5439 5973 9416 11091 5138 5100 5237 5414 8282 8783 9777 10316 10800 9072 7240 5414 4817 4979 4648 5264 8983 10726 9945 9385 8343 7814 4668 4462 4300 4345 4029 4726 8679 10472 10096 8221 3820 2914 2625 2550 2815 3131 7006 7591 8723 9323 9937 8025 5912 3377 2303 2706 2139 3267 7979 9900 9136 8524 7361 6756 2523 2117 1750 1858 1544 2913 7840 9788 9687 7713 2551 637 625 0 
5447 5573 8468 10067 5414 5237 5100 5138 7379 7843 8783 9298 9746 8083 6380 4969 4827 5489 4658 4806 7984 9663 8885 8343 7348 6851 4345 4300 4462 4668 4040 4209 7640 9381 8959 7115 3158 2930 3131 2815 2550 2625 5911 6481 7591 8182 8779 6888 4821 2606 2323 3558 2160 2462 6834 8738 7970 7361 6210 5613 1858 1750 2117 2523 1574 1967 6672 8611 8496 6522 1375 707 1817 1192 0 
5555 5457 7998 9546 5654 5414 5138 5100 6941 7379 8282 8783 9206 7589 5975 4838 4948 5836 4784 4670 7483 9119 8343 7814 6851 6376 4300 4345 4668 4945 4184 4054 7114 8819 8369 6548 2948 3125 3531 3131 2625 2550 5354 5911 7006 7591 8176 6300 4271 2347 2566 4074 2419 2185 6242 8132 7361 6756 5613 5023 1750 1858 2523 3004 1913 1608 6063 7996 7871 5898 779 1298 2442 1817 625 0 
8055 6724 5538 6264 8783 8282 7379 6941 5100 5138 5414 5654 5733 4929 4809 6232 7649 9424 7544 6103 4764 5592 4945 4668 4345 4300 6376 6851 7814 8343 7179 5645 4161 5088 4260 3095 4912 6618 7591 7006 5911 5354 2550 2625 3131 3531 3868 2528 2379 4576 6373 8446 6315 4495 2379 3772 3004 2523 1858 1750 5023 5613 6756 7361 6139 4245 1863 3470 3172 1222 4005 5976 7150 6525 5333 4708 0 
8529 7113 5439 5973 9298 8783 7843 7379 5138 5100 5237 5414 5414 4817 4979 6650 8146 9970 8048 6529 4648 5264 4668 4462 4300 4345 6851 7348 8343 8885 7706 6103 4029 4726 3820 2914 5432 7187 8182 7591 6481 5911 2625 2550 2815 3131 3377 2303 2706 5130 6962 9052 6909 5059 2139 3267 2523 2117 1750 1858 5613 6210 7361 7970 6748 4837 1544 2913 2551 637 4628 6600 7775 7150 5958 5333 625 0 
9480 7939 5447 5573 10316 9777 8783 8282 5414 5237 5100 5138 4969 4827 5489 7527 9138 11036 9050 7420 4658 4806 4345 4300 4462 4668 7814 8343 9385 9945 8748 7048 4040 4209 3158 2930 6476 8294 9323 8723 7591 7006 3131 2815 2550 2625 2606 2323 3558 6225 8099 10214 8054 6166 2160 2462 1858 1750 2117 2523 6756 7361 8524 9136 7917 5986 1574 1967 1375 707 5818 7791 8967 8342 7150 6525 1817 1192 0 
10000 8407 5555 5457 10864 10316 9298 8783 5654 5414 5138 5100 4838 4948 5836 8019 9676 11604 9593 7919 4784 4670 4300 4345 4668 4945 8343 8885 9945 10512 9309 7572 4184 4054 2948 3125 7042 8883 9925 9323 8182 7591 3531 3131 2625 2550 2347 2566 4074 6812 8702 10826 8660 6758 2419 2185 1750 1858 2523 3004 7361 7970 9136 9750 8532 6594 1913 1608 779 1298 6442 8416 9592 8967 7775 7150 2442 1817 625 0 
10772 9160 6056 5725 11643 11093 10070 9549 6268 5978 5578 5462 5100 5469 6525 8783 10453 12386 10372 8685 5311 4930 4670 4806 5264 5592 9119 9663 10726 11293 10090 8346 4736 4305 3175 3739 7823 9662 10698 10097 8960 8371 4263 3824 3163 2953 2550 3225 4848 7591 9475 11590 9430 7536 3093 2380 2185 2462 3267 3772 8132 8738 9900 10512 9292 7362 2642 1755 625 2072 7177 9146 10312 9687 8496 7871 3173 2552 1377 781 0 
9160 7717 5725 6056 9937 9419 8472 8001 5543 5444 5452 5560 5469 5100 5476 7266 8783 10610 8685 7147 4930 5311 4784 4658 4648 4764 7483 7984 8983 9525 8346 6732 4305 4736 3739 3175 6071 7823 8811 8222 7117 6550 3099 2919 2935 3130 3225 2550 3304 5769 7591 9669 7536 5696 2380 3093 2419 2160 2139 2379 6242 6834 7979 8584 7362 5464 1755 2642 2072 625 5213 7177 8338 7713 6523 5898 1223 640 709 1299 1975 0 
6056 5725 7717 9160 6268 5978 5578 5462 6728 7117 7942 8410 8783 7266 5831 5100 5469 6525 5311 4930 7147 8685 7919 7420 6529 6103 4670 4806 5264 5592 4736 4305 6732 8346 7823 6071 3175 3739 4263 3824 3163 2953 4914 5435 6478 7044 7591 5769 3864 2550 3225 4848 3093 2380 5696 7536 6758 6166 5059 4495 2185 2462 3267 3772 2642 1755 5464 7362 7177 5213 625 2072 3173 2552 1377 781 4005 4629 5819 6443 7150 5175 0 
5725 6056 9160 10772 5543 5444 5452 5560 8058 8532 9483 10003 10453 8783 7046 5469 5100 5476 4930 5311 8685 10372 9593 9050 8048 7544 4784 4658 4648 4764 4305 4736 8346 10090 9662 7823 3739 3175 3099 2919 2935 3130 6620 7189 8295 8885 9475 7591 5530 3225 2550 3304 2380 3093 7536 9430 8660 8054 6909 6315 2419 2160 2139 2379 1755 2642 7362 9292 9146 7177 2072 625 1223 640 709 1299 5976 6601 7791 8416 9125 7150 1975 0 
6213 7154 11008 12728 5593 5740 6188 6498 9847 10371 11400 11951 12456 10691 8783 6657 5632 5100 5476 6525 10610 12386 11604 11036 9970 9424 5836 5489 4979 4809 4910 6058 10329 12146 11785 9902 5297 3933 3121 3377 4091 4547 8684 9275 10412 11012 11628 9714 7591 4937 3433 2550 3304 4848 9669 11590 10826 10214 9052 8446 4074 3558 2706 2379 2868 4562 9529 11474 11347 9377 4235 2312 1094 1691 2863 3483 8178 8802 9993 10618 11325 9350 4176 2202 0 
5895 6217 9267 10864 5709 5613 5621 5725 8174 8641 9581 10096 10537 8882 7168 5628 5270 5632 5100 5469 8783 10453 9676 9138 8146 7649 4948 4827 4817 4929 4475 4891 8435 10163 9719 7894 3885 3345 3257 3086 3101 3286 6695 7258 8356 8941 9522 7650 5608 3361 2720 3433 2550 3225 7591 9475 8702 8099 6962 6373 2566 2323 2303 2528 1925 2758 7405 9326 9160 7194 2129 795 1278 739 799 1350 5988 6611 7800 8424 9127 7152 1982 170 2202 0 
6217 5895 7844 9267 6416 6132 5744 5631 6866 7247 8059 8521 8882 7386 5978 5270 5628 6657 5469 5100 7266 8783 8019 7527 6650 6232 4838 4969 5414 5733 4891 4475 6842 8435 7894 6162 3345 3885 4379 3952 3318 3118 5016 5526 6555 7115 7650 5846 3974 2720 3361 4937 3225 2550 5769 7591 6812 6225 5130 4576 2347 2606 3377 3868 2758 1925 5521 7405 7194 5236 795 2129 3194 2578 1425 864 4022 4643 5830 6453 7152 5178 170 1982 4176 1975 0 
7633 6527 6213 7154 8237 7783 6991 6623 5593 5740 6188 6498 6657 5632 5100 5978 7168 8783 7046 5831 5476 6525 5836 5489 4979 4809 5975 6380 7240 7726 6616 5303 4910 6058 5297 3933 4413 5927 6805 6247 5227 4724 3121 3377 4091 4547 4937 3433 2550 3974 5608 7591 5530 3864 3304 4848 4074 3558 2706 2379 4271 4821 5912 6498 5281 3498 2868 4562 4235 2312 3059 5001 6145 5522 4334 3712 1094 1691 2863 3483 4176 2202 2976 4951 7150 4951 2976 0 
9267 7844 5895 6217 10031 9518 8581 8117 5709 5613 5621 5725 5628 5270 5632 7386 8882 10691 8783 7266 5100 5469 4948 4827 4817 4929 7589 8083 9072 9608 8435 6842 4475 4891 3885 3345 6162 7894 8868 8283 7187 6626 3257 3086 3101 3286 3361 2720 3433 5846 7650 9714 7591 5769 2550 3225 2566 2323 2303 2528 6300 6888 8025 8627 7405 5521 1925 2758 2129 795 5236 7194 8346 7722 6533 5910 1278 739 799 1350 1982 170 5178 7152 9350 7150 5175 2202 0 
10864 9267 6217 5895 11723 11177 10162 9646 6416 6132 5744 5631 5270 5628 6657 8882 10537 12456 10453 8783 5469 5100 4838 4969 5414 5733 9206 9746 10800 11364 10163 8435 4891 4475 3345 3885 7894 9719 10745 10147 9016 8430 4379 3952 3318 3118 2720 3361 4937 7650 9522 11628 9475 7591 3225 2550 2347 2606 3377 3868 8176 8779 9937 10547 9326 7405 2758 1925 795 2129 7194 9160 10318 9694 8504 7880 3194 2578 1425 864 170 1982 7152 9127 11325 9125 7150 4176 1975 0 
10454 8943 6337 6251 11261 10734 9760 9270 6385 6173 5933 5900 5631 5725 6498 8521 10096 11951 10003 8410 5560 5462 5100 5138 5414 5654 8783 9298 10316 10864 9678 8022 4953 4843 3729 3871 7403 9172 10160 9572 8466 7896 4146 3811 3408 3350 3118 3286 4547 7115 8941 11012 8885 7044 3130 2953 2550 2625 3131 3531 7591 8182 9323 9925 8703 6814 2570 2351 1320 1679 6530 8483 9625 9003 7816 7195 2570 1985 1015 800 864 1350 6453 8424 10618 8416 6443 3483 1299 781 0 
9958 8504 6242 6353 10734 10218 9270 8797 6173 6019 5900 5933 5744 5621 6188 8059 9581 11400 9483 7942 5452 5578 5138 5100 5237 5414 8282 8783 9777 10316 9141 7530 4832 4974 3898 3715 6867 8602 9572 8990 7896 7335 3811 3556 3350 3408 3318 3101 4091 6555 8356 10412 8295 6478 2935 3163 2625 2550 2815 3131 7006 7591 8723 9323 8101 6227 2328 2610 1740 1279 5915 7864 9003 8380 7195 6574 1985 1436 800 1015 1425 799 5830 7800 9993 7791 5819 2863 709 1377 625 0 
9057 7739 6235 6706 9760 9270 8385 7953 5933 5900 6019 6173 6132 5613 5740 7247 8641 10371 8532 7117 5444 5978 5414 5237 5100 5138 7379 7843 8783 9298 8149 6654 4822 5418 4450 3702 5892 7541 8466 7896 6835 6298 3408 3350 3556 3811 3952 3086 3377 5526 7258 9275 7189 5435 2919 3824 3131 2815 2550 2625 5911 6481 7591 8182 6963 5133 2308 3381 2765 1242 4750 6686 7816 7195 6011 5393 1015 800 1436 1985 2578 739 4643 6611 8802 6601 4629 1691 640 2552 1817 1192 0 
8613 7383 6321 6966 9270 8797 7953 7548 5900 5933 6173 6385 6416 5709 5593 6866 8174 9847 8058 6728 5543 6268 5654 5414 5138 5100 6941 7379 8282 8783 7653 6236 4934 5737 4833 3846 5417 7001 7896 7335 6298 5778 3350 3408 3811 4146 4379 3257 3121 5016 6695 8684 6620 4914 3099 4263 3531 3131 2625 2550 5354 5911 7006 7591 6375 4578 2533 3871 3346 1621 4144 6070 7195 6574 5393 4775 800 1015 1985 2570 3194 1278 4022 5988 8178 5976 4005 1094 1223 3173 2442 1817 625 0 
6337 6251 8559 10021 6385 6173 5933 5900 7548 7953 8797 9270 9646 8117 6623 5631 5725 6498 5560 5462 8001 9549 8783 8282 7379 6941 5100 5138 5414 5654 4953 4843 7592 9209 8675 6935 3729 3871 4146 3811 3408 3350 5778 6298 7335 7896 8430 6626 4724 3118 3286 4547 3130 2953 6550 8371 7591 7006 5911 5354 2550 2625 3131 3531 2570 2351 6302 8178 7943 5994 1320 1679 2570 1985 1015 800 4775 5393 6574 7195 7880 5910 864 1350 3483 1299 781 3712 5898 7871 7150 6525 5333 4708 0 
6242 6353 9001 10519 6173 6019 5900 5933 7953 8385 9270 9760 10162 8581 6991 5744 5621 6188 5452 5578 8472 10070 9298 8783 7843 7379 5138 5100 5237 5414 4832 4974 8086 9748 9245 7473 3898 3715 3811 3556 3350 3408 6298 6835 7896 8466 9016 7187 5227 3318 3101 4091 2935 3163 7117 8960 8182 7591 6481 5911 2625 2550 2815 3131 2328 2610 6889 8781 8562 6609 1740 1279 1985 1436 800 1015 5393 6011 7195 7816 8504 6533 1425 799 2863 709 1377 4334 6523 8496 7775 7150 5958 5333 625 0 
6235 6706 9898 11502 5933 5900 6019 6173 8797 9270 10218 10734 11177 9518 7783 6132 5613 5740 5444 5978 9419 11093 10316 9777 8783 8282 5414 5237 5100 5138 4822 5418 9074 10802 10351 8532 4450 3702 3408 3350 3556 3811 7335 7896 8990 9572 10147 8283 6247 3952 3086 3377 2919 3824 8222 10097 9323 8723 7591 7006 3131 2815 2550 2625 2308 3381 8026 9938 9745 7787 2765 1242 1015 800 1436 1985 6574 7195 8380 9003 9694 7722 2578 739 1691 640 2552 5522 7713 9687 8967 8342 7150 6525 1817 1192 0 
6321 6966 10392 12033 5900 5933 6173 6385 9270 9760 10734 11261 11723 10031 8237 6416 5709 5593 5543 6268 9937 11643 10864 10316 9298 8783 5654 5414 5138 5100 4934 5737 9611 11366 10938 9100 4833 3846 3350 3408 3811 4146 7896 8466 9572 10160 10745 8868 6805 4379 3257 3121 3099 4263 8811 10698 9925 9323 8182 7591 3531 3131 2625 2550 2533 3871 8628 10548 10367 8406 3346 1621 800 1015 1985 2570 7195 7816 9003 9625 10318 8346 3194 1278 1094 1223 3173 6145 8338 10312 9592 8967 7775 7150 2442 1817 625 0 
6520 6813 9676 11215 6321 6235 6242 6337 8613 9057 9958 10454 10864 9267 7633 6217 5895 6213 5725 6056 9160 10772 10000 9480 8529 8055 5555 5447 5439 5538 5100 5469 8783 10453 9951 8178 4434 3970 3846 3702 3715 3871 7001 7541 8602 9172 9719 7894 5927 3885 3345 3933 3175 3739 7823 9662 8883 8294 7187 6618 3125 2930 2914 3095 2550 3225 7591 9475 9235 7290 2432 1420 1621 1242 1279 1679 6070 6686 7864 8483 9160 7194 2129 795 2312 625 2072 5001 7177 9146 8416 7791 6600 5976 1298 707 637 1222 0 
6813 6520 8324 9676 6966 6706 6353 6251 7383 7739 8504 8943 9267 7844 6527 5895 6217 7154 6056 5725 7717 9160 8407 7939 7113 6724 5457 5573 5973 6264 5469 5100 7266 8783 8178 6522 3970 4434 4833 4450 3898 3729 5417 5892 6867 7403 7894 6162 4413 3345 3885 5297 3739 3175 6071 7823 7042 6476 5432 4912 2948 3158 3820 4260 3225 2550 5769 7591 7290 5366 1420 2432 3346 2765 1740 1320 4144 4750 5915 6530 7194 5236 795 2129 4235 2072 625 3059 5213 7177 6442 5818 4628 4005 779 1375 2551 3172 1975 0 
9676 8324 6520 6813 10392 9898 9001 8559 6321 6235 6242 6337 6217 5895 6213 7844 9267 11008 9160 7717 5725 6056 5555 5447 5439 5538 7998 8468 9416 9934 8783 7266 5100 5469 4434 3970 6522 8178 9100 8532 7473 6935 3846 3702 3715 3871 3885 3345 3933 6162 7894 9902 7823 6071 3175 3739 3125 2930 2914 3095 6548 7115 8221 8809 7591 5769 2550 3225 2432 1420 5366 7290 8406 7787 6609 5994 1621 1242 1279 1679 2129 795 5236 7194 9377 7177 5213 2312 625 2072 1298 707 637 1222 5898 6522 7713 8338 7150 5175 0 
11215 9676 6813 6520 12033 11502 10519 10021 6966 6706 6353 6251 5895 6217 7154 9267 10864 12728 10772 9160 6056 5725 5457 5573 5973 6264 9546 10067 11091 11641 10453 8783 5469 5100 3970 4434 8178 9951 10938 10351 9245 8675 4833 4450 3898 3729 3345 3885 5297 7894 9719 11785 9662 7823 3739 3175 2948 3158 3820 4260 8369 8959 10096 10696 9475 7591 3225 2550 1420 2432 7290 9235 10367 9745 8562 7943 3346 2765 1740 1320 795 2129 7194 9160 11347 9146 7177 4235 2072 625 779 1375 2551 3172 7871 8496 9687 10312 9125 7150 1975 0 
11907 10471 7901 7650 12653 12150 11223 10758 7990 7764 7461 7375 7025 7297 8099 10024 11516 13282 11413 9905 7134 6855 6579 6676 7013 7262 10229 10717 11684 12207 11049 9483 6536 6230 5100 5469 8783 10453 11366 10802 9748 9209 5737 5418 4974 4843 4475 4891 6058 8435 10163 12146 10090 8346 4736 4305 4054 4209 4726 5088 8819 9381 10472 11052 9839 8041 4176 3680 2550 3225 7591 9475 10548 9938 8781 8178 3871 3381 2610 2351 1925 2758 7405 9326 11474 9292 7362 4562 2642 1755 1608 1967 2913 3470 7996 8611 9788 10407 9195 7239 2275 1130 0 
10471 9236 7650 7901 11104 10643 9814 9411 7435 7361 7367 7447 7297 7025 7280 8725 10024 11644 9905 8589 6855 7134 6660 6571 6564 6646 8801 9231 10108 10592 9483 8099 6230 6536 5469 5100 7266 8783 9611 9074 8086 7592 4934 4822 4832 4953 4891 4475 4910 6842 8435 10329 8346 6732 4305 4736 4184 4040 4029 4161 7114 7640 8679 9238 8041 6350 3680 4176 3225 2550 5769 7591 8628 8026 6889 6302 2533 2308 2328 2570 2758 1925 5521 7405 9529 7362 5464 2868 1755 2642 1913 1574 1544 1863 6063 6672 7840 8456 7239 5297 1130 2275 1975 0 
7901 7650 9236 10471 7990 7764 7461 7375 8356 8672 9361 9761 10024 8725 7551 7025 7297 8099 7134 6855 8589 9905 9175 8748 8006 7663 6579 6676 7013 7262 6536 6230 8099 9483 8783 7266 5100 5469 5737 5418 4974 4843 6236 6654 7530 8022 8435 6842 5303 4475 4891 6058 4736 4305 6732 8346 7572 7048 6103 5645 4054 4209 4726 5088 4176 3680 6350 8041 7591 5769 2550 3225 3871 3381 2610 2351 4578 5133 6227 6814 7405 5521 1925 2758 4562 2642 1755 3498 5464 7362 6594 5986 4837 4245 1608 1967 2913 3470 2275 1130 5297 7239 7150 5175 0 
7650 7901 10471 11907 7435 7361 7367 7447 9460 9866 10700 11163 11516 10024 8524 7297 7025 7280 6855 7134 9905 11413 10654 10167 9287 8854 6660 6571 6564 6646 6230 6536 9483 11049 10453 8783 5469 5100 4934 4822 4832 4953 7653 8149 9141 9678 10163 8435 6616 4891 4475 4910 4305 4736 8346 10090 9309 8748 7706 7179 4184 4040 4029 4161 3680 4176 8041 9839 9475 7591 3225 2550 2533 2308 2328 2570 6375 6963 8101 8703 9326 7405 2758 1925 2868 1755 2642 5281 7362 9292 8532 7917 6748 6139 1913 1574 1544 1863 1130 2275 7239 9195 9125 7150 1975 0 
8047 8563 11523 13023 7650 7675 7863 8030 10471 10907 11787 12269 12651 11101 9495 7986 7430 7321 7262 7830 10989 12553 11787 11284 10362 9902 7272 7087 6878 6850 6646 7262 10592 12207 11641 9934 6264 5538 5100 5138 5414 5654 8783 9298 10316 10864 11364 9608 7726 5733 4929 4809 4764 5592 9525 11293 10512 9945 8885 8343 4945 4668 4345 4300 4161 5088 9238 11052 10696 8809 4260 3095 2550 2625 3131 3531 7591 8182 9323 9925 10547 8627 3868 2528 2379 2379 3772 6498 8584 10512 9750 9136 7970 7361 3004 2523 1858 1750 1863 3470 8456 10407 10312 8338 3172 1222 0 
7979 8353 11080 12534 7675 7650 7742 7863 10055 10471 11319 11787 12147 10640 9104 7760 7356 7434 7187 7599 10523 12045 11284 10794 9902 9460 7087 6953 6850 6878 6564 7013 10108 11684 11091 9416 5973 5439 5138 5100 5237 5414 8282 8783 9777 10316 10800 9072 7240 5414 4817 4979 4648 5264 8983 10726 9945 9385 8343 7814 4668 4462 4300 4345 4029 4726 8679 10472 10096 8221 3820 2914 2625 2550 2815 3131 7006 7591 8723 9323 9937 8025 3377 2303 2706 2139 3267 5912 7979 9900 9136 8524 7361 6756 2523 2117 1750 1858 1544 2913 7840 9788 9687 7713 2551 637 625 0 
7985 8072 10286 11638 7863 7742 7650 7675 9325 9696 10471 10907 11220 9811 8437 7456 7362 7785 7193 7289 9684 11109 10362 9902 9079 8681 6878 6850 6953 7087 6571 6676 9231 10717 10067 8468 5573 5447 5414 5237 5100 5138 7379 7843 8783 9298 9746 8083 6380 4969 4827 5489 4658 4806 7984 9663 8885 8343 7348 6851 4345 4300 4462 4668 4040 4209 7640 9381 8959 7115 3158 2930 3131 2815 2550 2625 5911 6481 7591 8182 8779 6888 2606 2323 3558 2160 2462 4821 6834 8738 7970 7361 6210 5613 1858 1750 2117 2523 1574 1967 6672 8611 8496 6522 1375 707 1817 1192 0 
8059 7992 9902 11190 8030 7863 7675 7650 8983 9325 10055 10471 10755 9407 8135 7370 7442 8033 7275 7201 9275 10639 9902 9460 8681 8312 6850 6878 7087 7272 6660 6579 8801 10229 9546 7998 5457 5555 5654 5414 5138 5100 6941 7379 8282 8783 9206 7589 5975 4838 4948 5836 4784 4670 7483 9119 8343 7814 6851 6376 4300 4345 4668 4945 4184 4054 7114 8819 8369 6548 2948 3125 3531 3131 2625 2550 5354 5911 7006 7591 8176 6300 2347 2566 4074 2419 2185 4271 6242 8132 7361 6756 5613 5023 1750 1858 2523 3004 1913 1608 6063 7996 7871 5898 779 1298 2442 1817 625 0 
9949 8905 8047 8563 10471 10055 9325 8983 7650 7675 7863 8030 7986 7430 7321 8351 9456 10921 9325 8203 7262 7830 7272 7087 6878 6850 8312 8681 9460 9902 8854 7663 6646 7262 6264 5538 6724 8055 8783 8282 7379 6941 5100 5138 5414 5654 5733 4929 4809 6232 7649 9424 7544 6103 4764 5592 4945 4668 4345 4300 6376 6851 7814 8343 7179 5645 4161 5088 4260 3095 4912 6618 7591 7006 5911 5354 2550 2625 3131 3531 3868 2528 4576 6373 8446 6315 4495 2379 2379 3772 3004 2523 1858 1750 5023 5613 6756 7361 6139 4245 1863 3470 3172 1222 4005 5976 7150 6525 5333 4708 0 
10336 9203 7979 8353 10907 10471 9696 9325 7675 7650 7742 7863 7760 7356 7434 8668 9863 11396 9737 8524 7187 7599 7087 6953 6850 6878 8681 9079 9902 10362 9287 8006 6564 7013 5973 5439 7113 8529 9298 8783 7843 7379 5138 5100 5237 5414 5414 4817 4979 6650 8146 9970 8048 6529 4648 5264 4668 4462 4300 4345 6851 7348 8343 8885 7706 6103 4029 4726 3820 2914 5432 7187 8182 7591 6481 5911 2625 2550 2815 3131 3377 2303 5130 6962 9052 6909 5059 2706 2139 3267 2523 2117 1750 1858 5613 6210 7361 7970 6748 4837 1544 2913 2551 637 4628 6600 7775 7150 5958 5333 625 0 
11134 9855 7985 8072 11787 11319 10471 10055 7863 7742 7650 7675 7456 7362 7785 9357 10696 12339 10580 9225 7193 7289 6878 6850 6953 7087 9460 9902 10794 11284 10167 8748 6571 6676 5573 5447 7939 9480 10316 9777 8783 8282 5414 5237 5100 5138 4969 4827 5489 7527 9138 11036 9050 7420 4658 4806 4345 4300 4462 4668 7814 8343 9385 9945 8748 7048 4040 4209 3158 2930 6476 8294 9323 8723 7591 7006 3131 2815 2550 2625 2606 2323 6225 8099 10214 8054 6166 3558 2160 2462 1858 1750 2117 2523 6756 7361 8524 9136 7917 5986 1574 1967 1375 707 5818 7791 8967 8342 7150 6525 1817 1192 0 
11580 10236 8059 7992 12269 11787 10907 10471 8030 7863 7675 7650 7370 7442 8033 9758 11159 12850 11048 9630 7275 7201 6850 6878 7087 7272 9902 10362 11284 11787 10654 9175 6660 6579 5457 5555 8407 10000 10864 10316 9298 8783 5654 5414 5138 5100 4838 4948 5836 8019 9676 11604 9593 7919 4784 4670 4300 4345 4668 4945 8343 8885 9945 10512 9309 7572 4184 4054 2948 3125 7042 8883 9925 9323 8182 7591 3531 3131 2625 2550 2347 2566 6812 8702 10826 8660 6758 4074 2419 2185 1750 1858 2523 3004 7361 7970 9136 9750 8532 6594 1913 1608 779 1298 6442 8416 9592 8967 7775 7150 2442 1817 625 0 
12318 10936 8507 8275 13026 12537 11641 11194 8568 8358 8077 7997 7650 7901 8641 10471 11907 13619 11799 10348 7736 7480 7201 7289 7599 7830 10639 11109 12045 12553 11413 9905 7134 6855 5725 6056 9160 10772 11643 11093 10070 9549 6268 5978 5578 5462 5100 5469 6525 8783 10453 12386 10372 8685 5311 4930 4670 4806 5264 5592 9119 9663 10726 11293 10090 8346 4736 4305 3175 3739 7823 9662 10698 10097 8960 8371 4263 3824 3163 2953 2550 3225 7591 9475 11590 9430 7536 4848 3093 2380 2185 2462 3267 3772 8132 8738 9900 10512 9292 7362 2642 1755 625 2072 7177 9146 10312 9687 8496 7871 3173 2552 1377 781 0 
10936 9760 8275 8507 11527 11083 10290 9906 8052 7984 7990 8064 7901 7650 7878 9236 10471 12027 10348 9096 7480 7736 7275 7193 7187 7262 9275 9684 10523 10989 9905 8589 6855 7134 6056 5725 7717 9160 9937 9419 8472 8001 5543 5444 5452 5560 5469 5100 5476 7266 8783 10610 8685 7147 4930 5311 4784 4658 4648 4764 7483 7984 8983 9525 8346 6732 4305 4736 3739 3175 6071 7823 8811 8222 7117 6550 3099 2919 2935 3130 3225 2550 5769 7591 9669 7536 5696 3304 2380 3093 2419 2160 2139 2379 6242 6834 7979 8584 7362 5464 1755 2642 2072 625 5213 7177 8338 7713 6523 5898 1223 640 709 1299 1975 0 
8507 8275 9760 10936 8568 8358 8077 7997 8910 9207 9859 10240 10471 9236 8129 7650 7901 8641 7736 7480 9096 10348 9630 9225 8524 8203 7201 7289 7599 7830 7134 6855 8589 9905 9160 7717 5725 6056 6268 5978 5578 5462 6728 7117 7942 8410 8783 7266 5831 5100 5469 6525 5311 4930 7147 8685 7919 7420 6529 6103 4670 4806 5264 5592 4736 4305 6732 8346 7823 6071 3175 3739 4263 3824 3163 2953 4914 5435 6478 7044 7591 5769 2550 3225 4848 3093 2380 3864 5696 7536 6758 6166 5059 4495 2185 2462 3267 3772 2642 1755 5464 7362 7177 5213 625 2072 3173 2552 1377 781 4005 4629 5819 6443 7150 5175 0 
8275 8507 10936 12318 8052 7984 7990 8064 9953 10340 11138 11583 11907 10471 9041 7901 7650 7878 7480 7736 10348 11799 11048 10580 9737 9325 7275 7193 7187 7262 6855 7134 9905 11413 10772 9160 6056 5725 5543 5444 5452 5560 8058 8532 9483 10003 10453 8783 7046 5469 5100 5476 4930 5311 8685 10372 9593 9050 8048 7544 4784 4658 4648 4764 4305 4736 8346 10090 9662 7823 3739 3175 3099 2919 2935 3130 6620 7189 8295 8885 9475 7591 3225 2550 3304 2380 3093 5530 7536 9430 8660 8054 6909 6315 2419 2160 2139 2379 1755 2642 7362 9292 9146 7177 2072 625 1223 640 709 1299 5976 6601 7791 8416 9125 7150 1975 0 
8645 9345 12542 14076 8114 8216 8535 8762 11468 11921 12826 13318 13714 12135 10471 8790 8042 7650 7878 8641 12027 13619 12850 12339 11396 10921 8033 7785 7434 7321 7280 8099 11644 13282 12728 11008 7154 6213 5593 5740 6188 6498 9847 10371 11400 11951 12456 10691 8783 6657 5632 5100 5476 6525 10610 12386 11604 11036 9970 9424 5836 5489 4979 4809 4910 6058 10329 12146 11785 9902 5297 3933 3121 3377 4091 4547 8684 9275 10412 11012 11628 9714 4937 3433 2550 3304 4848 7591 9669 11590 10826 10214 9052 8446 4074 3558 2706 2379 2868 4562 9529 11474 11347 9377 4235 2312 1094 1691 2863 3483 8178 8802 9993 10618 11325 9350 4176 2202 0 
8445 8673 11065 12433 8220 8154 8160 8232 10089 10471 11260 11701 12017 10596 9183 8066 7820 8042 7650 7901 10471 11907 11159 10696 9863 9456 7442 7362 7356 7430 7025 7297 10024 11516 10864 9267 6217 5895 5709 5613 5621 5725 8174 8641 9581 10096 10537 8882 7168 5628 5270 5632 5100 5469 8783 10453 9676 9138 8146 7649 4948 4827 4817 4929 4475 4891 8435 10163 9719 7894 3885 3345 3257 3086 3101 3286 6695 7258 8356 8941 9522 7650 3361 2720 3433 2550 3225 5608 7591 9475 8702 8099 6962 6373 2566 2323 2303 2528 1925 2758 7405 9326 9160 7194 2129 795 1278 739 799 1350 5988 6611 7800 8424 9127 7152 1982 170 2202 0 
8673 8445 9904 11065 8726 8520 8245 8166 9062 9354 9997 10372 10596 9377 8287 7820 8066 8790 7901 7650 9236 10471 9758 9357 8668 8351 7370 7456 7760 7986 7297 7025 8725 10024 9267 7844 5895 6217 6416 6132 5744 5631 6866 7247 8059 8521 8882 7386 5978 5270 5628 6657 5469 5100 7266 8783 8019 7527 6650 6232 4838 4969 5414 5733 4891 4475 6842 8435 7894 6162 3345 3885 4379 3952 3318 3118 5016 5526 6555 7115 7650 5846 2720 3361 4937 3225 2550 3974 5769 7591 6812 6225 5130 4576 2347 2606 3377 3868 2758 1925 5521 7405 7194 5236 795 2129 3194 2578 1425 864 4022 4643 5830 6453 7152 5178 170 1982 4176 1975 0 
9716 8874 8645 9345 10119 9753 9134 8855 8114 8216 8535 8762 8790 8042 7650 8287 9183 10471 9041 8129 7878 8641 8033 7785 7434 7321 8135 8437 9104 9495 8524 7551 7280 8099 7154 6213 6527 7633 8237 7783 6991 6623 5593 5740 6188 6498 6657 5632 5100 5978 7168 8783 7046 5831 5476 6525 5836 5489 4979 4809 5975 6380 7240 7726 6616 5303 4910 6058 5297 3933 4413 5927 6805 6247 5227 4724 3121 3377 4091 4547 4937 3433 3974 5608 7591 5530 3864 2550 3304 4848 4074 3558 2706 2379 4271 4821 5912 6498 5281 3498 2868 4562 4235 2312 3059 5001 6145 5522 4334 3712 1094 1691 2863 3483 4176 2202 2976 4951 7150 4951 2976 0 
11065 9904 8445 8673 11645 11206 10422 10043 8220 8154 8160 8232 8066 7820 8042 9377 10596 12135 10471 9236 7650 7901 7442 7362 7356 7430 9407 9811 10640 11101 10024 8725 7025 7297 6217 5895 7844 9267 10031 9518 8581 8117 5709 5613 5621 5725 5628 5270 5632 7386 8882 10691 8783 7266 5100 5469 4948 4827 4817 4929 7589 8083 9072 9608 8435 6842 4475 4891 3885 3345 6162 7894 8868 8283 7187 6626 3257 3086 3101 3286 3361 2720 5846 7650 9714 7591 5769 3433 2550 3225 2566 2323 2303 2528 6300 6888 8025 8627 7405 5521 1925 2758 2129 795 5236 7194 8346 7722 6533 5910 1278 739 799 1350 1982 170 5178 7152 9350 7150 5175 2202 0 
12433 11065 8673 8445 13131 12646 11758 11315 8726 8520 8245 8166 7820 8066 8790 10596 12017 13714 11907 10471 7901 7650 7370 7456 7760 7986 10755 11220 12147 12651 11516 10024 7297 7025 5895 6217 9267 10864 11723 11177 10162 9646 6416 6132 5744 5631 5270 5628 6657 8882 10537 12456 10453 8783 5469 5100 4838 4969 5414 5733 9206 9746 10800 11364 10163 8435 4891 4475 3345 3885 7894 9719 10745 10147 9016 8430 4379 3952 3318 3118 2720 3361 7650 9522 11628 9475 7591 4937 3225 2550 2347 2606 3377 3868 8176 8779 9937 10547 9326 7405 2758 1925 795 2129 7194 9160 10318 9694 8504 7880 3194 2578 1425 864 170 1982 7152 9127 11325 9125 7150 4176 1975 0 
12144 10870 8850 8789 12783 12321 11483 11069 8796 8643 8473 8450 8166 8232 8762 10372 11701 13318 11583 10240 8064 7997 7650 7675 7863 8030 10471 10907 11787 12269 11163 9761 7447 7375 6251 6337 8943 10454 11261 10734 9760 9270 6385 6173 5933 5900 5631 5725 6498 8521 10096 11951 10003 8410 5560 5462 5100 5138 5414 5654 8783 9298 10316 10864 9678 8022 4953 4843 3729 3871 7403 9172 10160 9572 8466 7896 4146 3811 3408 3350 3118 3286 7115 8941 11012 8885 7044 4547 3130 2953 2550 2625 3131 3531 7591 8182 9323 9925 8703 6814 2570 2351 1320 1679 6530 8483 9625 9003 7816 7195 2570 1985 1015 800 864 1350 6453 8424 10618 8416 6443 3483 1299 781 0 
11719 10512 8783 8862 12321 11874 11069 10676 8643 8534 8450 8473 8245 8160 8535 9997 11260 12826 11138 9859 7990 8077 7675 7650 7742 7863 10055 10471 11319 11787 10700 9361 7367 7461 6353 6242 8504 9958 10734 10218 9270 8797 6173 6019 5900 5933 5744 5621 6188 8059 9581 11400 9483 7942 5452 5578 5138 5100 5237 5414 8282 8783 9777 10316 9141 7530 4832 4974 3898 3715 6867 8602 9572 8990 7896 7335 3811 3556 3350 3408 3318 3101 6555 8356 10412 8295 6478 4091 2935 3163 2625 2550 2815 3131 7006 7591 8723 9323 8101 6227 2328 2610 1740 1279 5915 7864 9003 8380 7195 6574 1985 1436 800 1015 1425 799 5830 7800 9993 7791 5819 2863 709 1377 625 0 
10964 9903 8778 9119 11483 11069 10339 9992 8473 8450 8534 8643 8520 8154 8216 9354 10471 11921 10340 9207 7984 8358 7863 7742 7650 7675 9325 9696 10471 10907 9866 8672 7361 7764 6706 6235 7739 9057 9760 9270 8385 7953 5933 5900 6019 6173 6132 5613 5740 7247 8641 10371 8532 7117 5444 5978 5414 5237 5100 5138 7379 7843 8783 9298 8149 6654 4822 5418 4450 3702 5892 7541 8466 7896 6835 6298 3408 3350 3556 3811 3952 3086 5526 7258 9275 7189 5435 3377 2919 3824 3131 2815 2550 2625 5911 6481 7591 8182 6963 5133 2308 3381 2765 1242 4750 6686 7816 7195 6011 5393 1015 800 1436 1985 2578 739 4643 6611 8802 6601 4629 1691 640 2552 1817 1192 0 
10600 9627 8839 9312 11069 10676 9992 9673 8450 8473 8643 8796 8726 8220 8114 9062 10089 11468 9953 8910 8052 8568 8030 7863 7675 7650 8983 9325 10055 10471 9460 8356 7435 7990 6966 6321 7383 8613 9270 8797 7953 7548 5900 5933 6173 6385 6416 5709 5593 6866 8174 9847 8058 6728 5543 6268 5654 5414 5138 5100 6941 7379 8282 8783 7653 6236 4934 5737 4833 3846 5417 7001 7896 7335 6298 5778 3350 3408 3811 4146 4379 3257 5016 6695 8684 6620 4914 3121 3099 4263 3531 3131 2625 2550 5354 5911 7006 7591 6375 4578 2533 3871 3346 1621 4144 6070 7195 6574 5393 4775 800 1015 1985 2570 3194 1278 4022 5988 8178 5976 4005 1094 1223 3173 2442 1817 625 0 
8850 8789 10556 11773 8796 8643 8473 8450 9673 9992 10676 11069 11315 10043 8855 8166 8232 8762 8064 7997 9906 11194 10471 10055 9325 8983 7650 7675 7863 8030 7447 7375 9411 10758 10021 8559 6251 6337 6385 6173 5933 5900 7548 7953 8797 9270 9646 8117 6623 5631 5725 6498 5560 5462 8001 9549 8783 8282 7379 6941 5100 5138 5414 5654 4953 4843 7592 9209 8675 6935 3729 3871 4146 3811 3408 3350 5778 6298 7335 7896 8430 6626 3118 3286 4547 3130 2953 4724 6550 8371 7591 7006 5911 5354 2550 2625 3131 3531 2570 2351 6302 8178 7943 5994 1320 1679 2570 1985 1015 800 4775 5393 6574 7195 7880 5910 864 1350 3483 1299 781 3712 5898 7871 7150 6525 5333 4708 0 
8783 8862 10917 12199 8643 8534 8450 8473 9992 10339 11069 11483 11758 10422 9134 8245 8160 8535 7990 8077 10290 11641 10907 10471 9696 9325 7675 7650 7742 7863 7367 7461 9814 11223 10519 9001 6353 6242 6173 6019 5900 5933 7953 8385 9270 9760 10162 8581 6991 5744 5621 6188 5452 5578 8472 10070 9298 8783 7843 7379 5138 5100 5237 5414 4832 4974 8086 9748 9245 7473 3898 3715 3811 3556 3350 3408 6298 6835 7896 8466 9016 7187 3318 3101 4091 2935 3163 5227 7117 8960 8182 7591 6481 5911 2625 2550 2815 3131 2328 2610 6889 8781 8562 6609 1740 1279 1985 1436 800 1015 5393 6011 7195 7816 8504 6533 1425 799 2863 709 1377 4334 6523 8496 7775 7150 5958 5333 625 0 
8778 9119 11668 13057 8473 8450 8534 8643 10676 11069 11874 12321 12646 11206 9753 8520 8154 8216 7984 8358 11083 12537 11787 11319 10471 10055 7863 7742 7650 7675 7361 7764 10643 12150 11502 9898 6706 6235 5933 5900 6019 6173 8797 9270 10218 10734 11177 9518 7783 6132 5613 5740 5444 5978 9419 11093 10316 9777 8783 8282 5414 5237 5100 5138 4822 5418 9074 10802 10351 8532 4450 3702 3408 3350 3556 3811 7335 7896 8990 9572 10147 8283 3952 3086 3377 2919 3824 6247 8222 10097 9323 8723 7591 7006 3131 2815 2550 2625 2308 3381 8026 9938 9745 7787 2765 1242 1015 800 1436 1985 6574 7195 8380 9003 9694 7722 2578 739 1691 640 2552 5522 7713 9687 8967 8342 7150 6525 1817 1192 0 
8839 9312 12090 13527 8450 8473 8643 8796 11069 11483 12321 12783 13131 11645 10119 8726 8220 8114 8052 8568 11527 13026 12269 11787 10907 10471 8030 7863 7675 7650 7435 7990 11104 12653 12033 10392 6966 6321 5900 5933 6173 6385 9270 9760 10734 11261 11723 10031 8237 6416 5709 5593 5543 6268 9937 11643 10864 10316 9298 8783 5654 5414 5138 5100 4934 5737 9611 11366 10938 9100 4833 3846 3350 3408 3811 4146 7896 8466 9572 10160 10745 8868 4379 3257 3121 3099 4263 6805 8811 10698 9925 9323 8182 7591 3531 3131 2625 2550 2533 3871 8628 10548 10367 8406 3346 1621 800 1015 1985 2570 7195 7816 9003 9625 10318 8346 3194 1278 1094 1223 3173 6145 8338 10312 9592 8967 7775 7150 2442 1817 625 0 
12866 11549 9283 9070 13527 13057 12199 11773 9312 9119 8862 8789 8445 8673 9345 11065 12433 14076 12318 10936 8507 8275 7992 8072 8353 8563 11190 11638 12534 13023 11907 10471 7901 7650 6520 6813 9676 11215 12033 11502 10519 10021 6966 6706 6353 6251 5895 6217 7154 9267 10864 12728 10772 9160 6056 5725 5457 5573 5973 6264 9546 10067 11091 11641 10453 8783 5469 5100 3970 4434 8178 9951 10938 10351 9245 8675 4833 4450 3898 3729 3345 3885 7894 9719 11785 9662 7823 5297 3739 3175 2948 3158 3820 4260 8369 8959 10096 10696 9475 7591 3225 2550 1420 2432 7290 9235 10367 9745 8562 7943 3346 2765 1740 1320 795 2129 7194 9160 11347 9146 7177 4235 2072 625 779 1375 2551 3172 7871 8496 9687 10312 0 
11549 10442 9070 9283 12090 11668 10917 10556 8839 8778 8783 8850 8673 8445 8645 9904 11065 12542 10936 9760 8275 8507 8059 7985 7979 8047 9902 10286 11080 11523 10471 9236 7650 7901 6813 6520 8324 9676 10392 9898 9001 8559 6321 6235 6242 6337 6217 5895 6213 7844 9267 11008 9160 7717 5725 6056 5555 5447 5439 5538 7998 8468 9416 9934 8783 7266 5100 5469 4434 3970 6522 8178 9100 8532 7473 6935 3846 3702 3715 3871 3885 3345 6162 7894 9902 7823 6071 3933 3175 3739 3125 2930 2914 3095 6548 7115 8221 8809 7591 5769 2550 3225 2432 1420 5366 7290 8406 7787 6609 5994 1621 1242 1279 1679 2129 795 5236 7194 9377 7177 5213 2312 625 2072 1298 707 637 1222 5898 6522 7713 8338 1975 0 
9283 9070 10442 11549 9312 9119 8862 8789 9627 9903 10512 10870 11065 9904 8874 8445 8673 9345 8507 8275 9760 10936 10236 9855 9203 8905 7992 8072 8353 8563 7901 7650 9236 10471 9676 8324 6520 6813 6966 6706 6353 6251 7383 7739 8504 8943 9267 7844 6527 5895 6217 7154 6056 5725 7717 9160 8407 7939 7113 6724 5457 5573 5973 6264 5469 5100 7266 8783 8178 6522 3970 4434 4833 4450 3898 3729 5417 5892 6867 7403 7894 6162 3345 3885 5297 3739 3175 4413 6071 7823 7042 6476 5432 4912 2948 3158 3820 4260 3225 2550 5769 7591 7290 5366 1420 2432 3346 2765 1740 1320 4144 4750 5915 6530 7194 5236 795 2129 4235 2072 625 3059 5213 7177 6442 5818 4628 4005 779 1375 2551 3172 7150 5175 0 
9070 9283 11549 12866 8839 8778 8783 8850 10600 10964 11719 12144 12433 11065 9716 8673 8445 8645 8275 8507 10936 12318 11580 11134 10336 9949 8059 7985 7979 8047 7650 7901 10471 11907 11215 9676 6813 6520 6321 6235 6242 6337 8613 9057 9958 10454 10864 9267 7633 6217 5895 6213 5725 6056 9160 10772 10000 9480 8529 8055 5555 5447 5439 5538 5100 5469 8783 10453 9951 8178 4434 3970 3846 3702 3715 3871 7001 7541 8602 9172 9719 7894 3885 3345 3933 3175 3739 5927 7823 9662 8883 8294 7187 6618 3125 2930 2914 3095 2550 3225 7591 9475 9235 7290 2432 1420 1621 1242 1279 1679 6070 6686 7864 8483 9160 7194 2129 795 2312 625 2072 5001 7177 9146 8416 7791 6600 5976 1298 707 637 1222 9125 7150 1975 0 
